[?25l[0m [38;2;0;0;0m                                                             [0m
                    [38;2;94;120;74m▄[38;2;151;194;120;48;2;95;121;75m▄[48;2;132;170;105m▄▄▄▄▄▄▄▄▄▄▄▄▄▄▄▄▄▄[48;2;81;104;64m▄[0m[38;2;84;108;67m▄[0m                    [0m
                  [38;2;93;119;74m▄[38;2;151;194;120;48;2;94;121;75m▄[48;2;151;194;120m▄▄▄▄▄▄▄▄▄▄▄▄▄▄▄▄▄▄▄▄▄▄[48;2;86;111;68m▄[0m[38;2;88;112;70m▄[0m                  [0m
                [38;2;90;115;72m▄[38;2;151;194;120;48;2;89;114;71m▄[48;2;151;194;120m▄▄▄▄▄▄▄▄▄▄▄▄▄▄▄▄▄▄▄▄▄▄▄▄▄▄[48;2;89;114;71m▄[0m[38;2;82;106;65m▄[0m                [0m
              [38;2;83;106;67m▄[38;2;151;194;120;48;2;84;107;67m▄[48;2;151;194;120m▄▄▄▄▄▄▄▄▄▄▄▄▄▄▄▄▄▄▄▄▄▄▄▄▄▄▄▄▄▄[48;2;84;107;66m▄[0m[38;2;85;109;68m▄[0m              [0m
            [38;2;76;97;61m▄[38;2;151;194;120;48;2;78;100;62m▄[48;2;151;194;120m▄▄▄▄▄▄▄▄▄▄▄▄▄▄▄▄▄▄▄▄▄▄▄▄▄▄▄▄▄▄▄▄▄▄[48;2;87;111;69m▄[0m[38;2;88;113;70m▄[0m            [0m
 [38;2;0;0;0m          [7m[38;2;228;191;122m▊[0m[38;2;1;0;0;48;2;228;191;122m[38;2;227;190;121;48;2;184;149;84m▆[38;2;225;189;120;48;2;172;138;73m▄[38;2;220;183;115;48;2;168;135;70m▂[38;2;165;132;67;48;2;167;133;68m╴[48;2;165;132;67m     [0m[38;2;165;132;67m▊                  [7m[38;2;16;34;24m▅[38;2;26;53;39m▃[0m[38;2;9;19;14;48;2;27;55;40m        [0m[38;2;27;55;40m▏           [0m
 [38;2;0;0;0m          [7m[38;2;228;191;122m▊[0m[38;2;1;0;0;48;2;228;191;122m   [38;2;227;190;121;48;2;184;149;84m▆[38;2;225;189;120;48;2;172;138;73m▄[38;2;220;183;115;48;2;168;135;70m▂[38;2;165;132;67;48;2;167;133;68m╴[48;2;165;132;67m  [0m[38;2;165;132;67m▊                    [7m[38;2;16;34;24m▅[38;2;26;53;39m▃[0m[38;2;9;19;14;48;2;27;55;40m      [0m[38;2;27;55;40m▏           [0m
 [38;2;0;0;0m          [7m[38;2;228;191;122m▊[0m[38;2;1;0;0;48;2;228;191;122m      [38;2;228;191;122;48;2;204;169;102m▇[38;2;227;190;121;48;2;178;144;78m▅[38;2;225;189;120;48;2;171;137;72m▃[0m[38;2;177;143;77m▊                      [7m[38;2;19;40;29m▆[38;2;26;53;39m▃[0m[38;2;9;18;13;48;2;27;55;40m    [0m[38;2;27;55;40m▏           [0m
 [38;2;0;0;0m          [7m[38;2;228;191;122m▊[0m[38;2;1;0;0;48;2;228;191;122m          [0m[38;2;218;183;117m▇[38;2;207;173;111m▅[38;2;178;149;95m▃[0m [38;2;77;65;41m                    [7m[38;2;19;38;28m▆[38;2;26;53;38m▃[0m[38;2;8;17;12;48;2;27;55;40m  [0m[38;2;27;55;40m▏           [0m
 [38;2;0;0;0m          [7m[38;2;228;191;122m▊[0m[38;2;1;0;0;48;2;228;191;122m             [38;2;228;191;122;48;2;221;185;118m╴[0m[38;2;214;179;114m▆[38;2;196;165;105m▄[38;2;140;117;75m▂                   [7m[38;2;18;37;27m▆[38;2;26;52;38m▃[0m[38;2;27;54;39m▏           [0m
 [38;2;0;0;0m          [0m [7m[38;2;203;170;109m▃[38;2;227;190;122m▂[0m[38;2;100;84;54;48;2;228;191;122m               [0m[38;2;219;183;117m▇[38;2;207;174;111m▅[38;2;179;150;96m▃[0m [38;2;77;64;41m                             [0m
 [38;2;0;0;0m             [7m[38;2;130;109;70m▆[38;2;193;162;103m▄[38;2;212;178;113m▂[0m[38;2;228;191;122;48;2;220;184;118m╴[48;2;228;191;122m              [48;2;221;185;118m╴[0m[38;2;214;179;114m▆[38;2;197;165;105m▄[38;2;141;118;75m▂                          [0m
 [38;2;0;0;0m                [0m [7m[38;2;214;179;114m▆[38;2;206;173;110m▃[38;2;218;183;117m▁[0m[38;2;63;53;34;48;2;228;191;122m               [0m[38;2;219;183;117m▇[38;2;207;174;111m▅[38;2;179;150;96m▃[0m [38;2;77;65;41m                      [0m
 [38;2;0;0;0m                    [7m[38;2;142;119;76m▆[38;2;197;165;106m▄[38;2;215;180;115m▂[0m[38;2;228;191;122;48;2;222;186;119m╴[48;2;228;191;122m              [48;2;221;185;118m╴[0m[38;2;214;179;114m▆[38;2;197;165;105m▄[38;2;141;118;75m▂                   [0m
 [38;2;0;0;0m                       [0m [7m[38;2;182;152;97m▅[38;2;209;175;112m▃[38;2;220;184;118m▁[0m[38;2;73;61;39;48;2;228;191;122m               [0m[38;2;218;183;117m▇[38;2;208;174;111m▅[38;2;179;150;96m▃[0m [38;2;77;65;41m               [0m
 [38;2;0;0;0m                           [7m[38;2;151;127;81m▆[38;2;202;169;108m▄[38;2;217;182;116m▂[0m[38;2;228;191;122;48;2;223;187;119m╴[48;2;228;191;122m              [48;2;221;185;118m╴[0m[38;2;214;179;114m▆[38;2;198;165;106m▄[38;2;142;119;76m▂            [0m
 [38;2;0;0;0m          [7m[38;2;32;35;42m▊[0m[38;2;35;38;45m▄[0m [38;2;15;17;20m                 [0m [7m[38;2;188;157;100m▅[38;2;212;178;114m▃[38;2;221;185;118m▁[0m[38;2;84;70;45;48;2;228;191;122m               [0m[38;2;227;190;122m▏           [0m
 [38;2;0;0;0m          [7m[38;2;40;44;52m▊[0m[38;2;0;0;0;48;2;40;44;52m [38;2;39;43;51;48;2;25;28;33m▇[0m[38;2;35;39;46m▄[0m [38;2;16;18;21m                  [0m [7m[38;2;160;134;85m▆[38;2;206;172;110m▄[38;2;218;183;117m▂[0m[38;2;228;191;122;48;2;224;188;120m╴[48;2;228;191;122m           [0m[38;2;228;191;122m▏           [0m
 [38;2;0;0;0m          [7m[38;2;40;44;52m▊[0m[38;2;0;0;0;48;2;40;44;52m   [38;2;39;43;51;48;2;26;29;34m▇[0m[38;2;36;39;46m▄[0m [38;2;17;18;22m                    [0m [7m[38;2;193;162;103m▅[38;2;215;179;111m▖[0m[38;2;190;156;89;48;2;226;190;121m▁[48;2;228;191;122m        [0m[38;2;228;191;122m▏           [0m
 [38;2;0;0;0m          [7m[38;2;40;44;52m▊[0m[38;2;0;0;0;48;2;40;44;52m     [38;2;40;44;51;48;2;27;30;35m▇[0m[38;2;36;40;47m▄[0m [38;2;18;19;23m                    [7m[38;2;159;127;64m▍[0m[38;2;0;0;0;48;2;165;132;67m [38;2;165;132;68;48;2;209;173;106m▆[38;2;167;134;69;48;2;221;184;116m▄[38;2;172;139;73;48;2;224;188;119m▂[38;2;228;191;122;48;2;226;189;120m╴[48;2;228;191;122m    [0m[38;2;228;191;122m▏           [0m
 [38;2;0;0;0m          [7m[38;2;40;44;52m▊[0m[38;2;0;0;0;48;2;40;44;52m       [38;2;40;44;52;48;2;38;42;49m╴[0m[38;2;36;40;47m▄[0m [38;2;19;20;24m                  [7m[38;2;151;121;61m▍[0m[38;2;0;0;0;48;2;165;132;67m    [38;2;165;132;67;48;2;185;151;86m▇[38;2;170;136;71;48;2;224;187;119m▆[38;2;167;134;69;48;2;221;184;116m▃[38;2;189;155;89;48;2;227;190;122m▂[48;2;228;191;122m [0m[38;2;228;191;122m▏           [0m
            [7m[38;2;43;47;56m[0m[38;2;42;46;55;48;2;62;68;81m▄[38;2;62;68;81m▄▄▄▄▄▄▄▄▄▄▄▄▄▄▄▄▄▄▄▄▄▄▄▄▄▄▄▄▄▄▄▄▄▄▄▄[38;2;36;39;47m▄[0m[7m[38;2;37;40;48m[0m             [0m
             [7m[38;2;43;47;56m▄[0m[38;2;42;46;55;48;2;62;68;81m▄[38;2;62;68;81m▄▄▄▄▄▄▄▄▄▄▄▄▄▄▄▄▄▄▄▄▄▄▄▄▄▄▄▄▄▄▄▄[38;2;36;39;47m▄[0m[7m[38;2;37;40;48m▄[0m             [0m
               [7m[38;2;42;46;55m▄[0m[38;2;41;45;54;48;2;62;68;81m▄[38;2;62;68;81m▄▄▄▄▄▄▄▄▄▄▄▄▄▄▄▄▄▄▄▄▄▄▄▄▄▄▄▄[38;2;35;38;45m▄[0m[7m[38;2;35;39;46m▄[0m               [0m
                 [7m[38;2;39;43;51m▄[0m[38;2;37;41;49;48;2;62;68;81m▄[38;2;62;68;81m▄▄▄▄▄▄▄▄▄▄▄▄▄▄▄▄▄▄▄▄▄▄▄▄[38;2;33;37;44m▄[0m[7m[38;2;34;37;45m▄[0m                 [0m
                   [7m[38;2;36;40;47m▄[0m[38;2;35;39;47;48;2;62;68;81m▄[38;2;62;68;81m▄▄▄▄▄▄▄▄▄▄▄▄▄▄▄▄▄▄▄▄[38;2;32;35;42m▄[0m[7m[38;2;33;36;43m▄[0m                   [0m
[?25h
